21
6 0.8
0.2 0.2 0.2
0 0
1 0
0.5 0.866
0.3 0.3 0.3
0 0
0.5 0.866
-0.5 0.866
0.2 0.2 0.2
0 0
-0.5 0.866 
-1 0
0.3 0.3 0.3
0 0
-1 0
-0.5 -0.866
0.2 0.2 0.2
0 0
-0.5 -0.866
0.5 -0.866
0.3 0.3 0.3
0 0
0.5 -0.866
1 0
6 0.8
0.8 0 0
0 0
1 0
0.5 0.866
0.6 0 0
0 0
0.5 0.866
-0.5 0.866
0.8 0 0
0 0
-0.5 0.866 
-1 0
0.6 0 0
0 0
-1 0
-0.5 -0.866
0.8 0 0
0 0
-0.5 -0.866
0.5 -0.866
0.6 0 0
0 0
0.5 -0.866
1 0
6 0.8
0 0 0.8
0 0
1 0
0.5 0.866
0 0 0.6
0 0
0.5 0.866
-0.5 0.866
0 0 0.8
0 0
-0.5 0.866 
-1 0
0 0 0.6
0 0
-1 0
-0.5 -0.866
0 0 0.8
0 0
-0.5 -0.866
0.5 -0.866
0 0 0.6
0 0
0.5 -0.866
1 0
6 0.8
1 0.5 0
0 0
1 0
0.5 0.866
1 1 0
0 0
0.5 0.866
-0.5 0.866
1 0.5 0
0 0
-0.5 0.866 
-1 0
1 1 0
0 0
-1 0
-0.5 -0.866
1 0.5 0
0 0
-0.5 -0.866
0.5 -0.866
1 1 0
0 0
0.5 -0.866
1 0
6 0.8
0.5 1 0.1
0 0
1 0
0.5 0.866
0.7 1 0
0 0
0.5 0.866
-0.5 0.866
0.5 1 0.1
0 0
-0.5 0.866 
-1 0
0.7 1 0
0 0
-1 0
-0.5 -0.866
0.5 1 0.1
0 0
-0.5 -0.866
0.5 -0.866
0.7 1 0
0 0
0.5 -0.866
1 0
6 0.8
0 1 1
0 0
1 0
0.5 0.866
0.1 0.9 1
0 0
0.5 0.866
-0.5 0.866
0 1 1
0 0
-0.5 0.866 
-1 0
0.1 0.9 1
0 0
-1 0
-0.5 -0.866
0 1 1
0 0
-0.5 -0.866
0.5 -0.866
0.1 0.9 1
0 0
0.5 -0.866
1 0
94 0.1
1 0.5 0
0 0
0 11
25 11
1 0.5 0
0 0
25 0
25 11
0 0 0
4 3
4 4
5 4
0 0 0
4 3
5 3
5 4
0 0 0
5 3
5 4
6 4
0 0 0
5 3
6 3
6 4
0 0 0
8 3
8 4
9 4
0 0 0
8 3
9 3
9 4
0 0 0
11 3
11 4
12 4
0 0 0
11 3
12 3
12 4
0 0 0
13 3
13 4
14 4
0 0 0
13 3
14 3
14 4
0 0 0
14 3
14 4
15 4
0 0 0
14 3
15 3
15 4
0 0 0
15 3
15 4
16 4
0 0 0
15 3
16 3
16 4
0 0 0
19 3
19 4
20 4
0 0 0
19 3
20 3
20 4
0 0 0
20 3
20 4
21 4
0 0 0
20 3
21 3
21 4
0 0 0
3 4
3 5
4 5
0 0 0
3 4
4 4
4 5
0 0 0
6 4
6 5
7 5
0 0 0
6 4
7 4
7 5
0 0 0
8 4
8 5
9 5
0 0 0
8 4
9 4
9 5
0 0 0
10 4
10 5
11 5
0 0 0
10 4
11 4
11 5
0 0 0
11 4
11 5
12 5
0 0 0
11 4
12 4
12 5
0 0 0
13 4
13 5
14 5
0 0 0
13 4
14 4
14 5
0 0 0
16 4
16 5
17 5
0 0 0
16 4
17 4
17 5
0 0 0
18 4
18 5
19 5
0 0 0
18 4
19 4
19 5
0 0 0
21 4
21 5
22 5
0 0 0
21 4
22 4
22 5
0 0 0
3 5
3 6
4 6
0 0 0
3 5
4 5
4 6
0 0 0
6 5
6 6
7 6
0 0 0
6 5
7 5
7 6
0 0 0
8 5
8 6
9 6
0 0 0
8 5
9 5
9 6
0 0 0
10 5
10 6
11 6
0 0 0
10 5
11 5
11 6
0 0 0
11 5
11 6
12 6
0 0 0
11 5
12 5
12 6
0 0 0
13 5
13 6
14 6
0 0 0
13 5
14 5
14 6
0 0 0
16 5
16 6
17 6
0 0 0
16 5
17 5
17 6
0 0 0
18 5
18 6
19 6
0 0 0
18 5
19 5
19 6
0 0 0
21 5
21 6
22 6
0 0 0
21 5
22 5
22 6
0 0 0
3 6
3 7
4 7
0 0 0
3 6
4 6
4 7
0 0 0
6 6
6 7
7 7
0 0 0
6 6
7 6
7 7
0 0 0
8 6
8 7
9 7
0 0 0
8 6
9 6
9 7
0 0 0
9 6
9 7
10 7
0 0 0
9 6
10 6
10 7
0 0 0
11 6
11 7
12 7
0 0 0
11 6
12 6
12 7
0 0 0
13 6
13 7
14 7
0 0 0
13 6
14 6
14 7
0 0 0
16 6
16 7
17 7
0 0 0
16 6
17 6
17 7
0 0 0
18 6
18 7
19 7
0 0 0
18 6
19 6
19 7
0 0 0
21 6
21 7
22 7
0 0 0
21 6
22 6
22 7
0 0 0
3 7
3 8
4 8
0 0 0
3 7
4 7
4 8
0 0 0
6 7
6 8
7 8
0 0 0
6 7
7 7
7 8
0 0 0
8 7
8 8
9 8
0 0 0
8 7
9 7
9 8
0 0 0
9 7
9 8
10 8
0 0 0
9 7
10 7
10 8
0 0 0
11 7
11 8
12 8
0 0 0
11 7
12 7
12 8
0 0 0
13 7
13 8
14 8
0 0 0
13 7
14 7
14 8
0 0 0
14 7
14 8
15 8
0 0 0
14 7
15 7
15 8
0 0 0
15 7
15 8
16 8
0 0 0
15 7
16 7
16 8
0 0 0
19 7
19 8
20 8
0 0 0
19 7
20 7
20 8
0 0 0
20 7
20 8
21 8
0 0 0
20 7
21 7
21 8
156 0.1
0.5 1 0
-21.5 -5.5
-21.5 5.5
21.5 5.5
0.5 1 0
-21.5 -5.5
21.5 -5.5
21.5 5.5
0 0 0
-18.5 1.5
-18.5 2.5
-17.5 2.5
0 0 0
-18.5 1.5
-17.5 1.5
-17.5 2.5
0 0 0
-17.5 1.5
-17.5 2.5
-16.5 2.5
0 0 0
-17.5 1.5
-16.5 1.5
-16.5 2.5
0 0 0
-16.5 1.5
-16.5 2.5
-15.5 2.5
0 0 0
-16.5 1.5
-15.5 1.5
-15.5 2.5
0 0 0
-13.5 1.5
-13.5 2.5
-12.5 2.5
0 0 0
-13.5 1.5
-12.5 1.5
-12.5 2.5
0 0 0
-12.5 1.5
-12.5 2.5
-11.5 2.5
0 0 0
-12.5 1.5
-11.5 1.5
-11.5 2.5
0 0 0
-11.5 1.5
-11.5 2.5
-10.5 2.5
0 0 0
-11.5 1.5
-10.5 1.5
-10.5 2.5
0 0 0
-10.5 1.5
-10.5 2.5
-9.5 2.5
0 0 0
-10.5 1.5
-9.5 1.5
-9.5 2.5
0 0 0
-7.5 1.5
-7.5 2.5
-6.5 2.5
0 0 0
-7.5 1.5
-6.5 1.5
-6.5 2.5
0 0 0
-6.5 1.5
-6.5 2.5
-5.5 2.5
0 0 0
-6.5 1.5
-5.5 1.5
-5.5 2.5
0 0 0
-5.5 1.5
-5.5 2.5
-4.5 2.5
0 0 0
-5.5 1.5
-4.5 1.5
-4.5 2.5
0 0 0
-3.5 1.5
-3.5 2.5
-2.5 2.5
0 0 0
-3.5 1.5
-2.5 1.5
-2.5 2.5
0 0 0
-2.5 1.5
-2.5 2.5
-1.5 2.5
0 0 0
-2.5 1.5
-1.5 1.5
-1.5 2.5
0 0 0
-1.5 1.5
-1.5 2.5
-0.5 2.5
0 0 0
-1.5 1.5
-0.5 1.5
-0.5 2.5
0 0 0
-0.5 1.5
-0.5 2.5
0.5 2.5
0 0 0
-0.5 1.5
0.5 1.5
0.5 2.5
0 0 0
0.5 1.5
0.5 2.5
1.5 2.5
0 0 0
0.5 1.5
1.5 1.5
1.5 2.5
0 0 0
5.5 1.5
5.5 2.5
6.5 2.5
0 0 0
5.5 1.5
6.5 1.5
6.5 2.5
0 0 0
10.5 1.5
10.5 2.5
11.5 2.5
0 0 0
10.5 1.5
11.5 1.5
11.5 2.5
0 0 0
11.5 1.5
11.5 2.5
12.5 2.5
0 0 0
11.5 1.5
12.5 1.5
12.5 2.5
0 0 0
12.5 1.5
12.5 2.5
13.5 2.5
0 0 0
12.5 1.5
13.5 1.5
13.5 2.5
0 0 0
15.5 1.5
15.5 2.5
16.5 2.5
0 0 0
15.5 1.5
16.5 1.5
16.5 2.5
0 0 0
16.5 1.5
16.5 2.5
17.5 2.5
0 0 0
16.5 1.5
17.5 1.5
17.5 2.5
0 0 0
17.5 1.5
17.5 2.5
18.5 2.5
0 0 0
17.5 1.5
18.5 1.5
18.5 2.5
0 0 0
18.5 1.5
18.5 2.5
19.5 2.5
0 0 0
18.5 1.5
19.5 1.5
19.5 2.5
0 0 0
19.5 1.5
19.5 2.5
20.5 2.5
0 0 0
19.5 1.5
20.5 1.5
20.5 2.5
0 0 0
-18.5 0.5
-18.5 1.5
-17.5 1.5
0 0 0
-18.5 0.5
-17.5 0.5
-17.5 1.5
0 0 0
-15.5 0.5
-15.5 1.5
-14.5 1.5
0 0 0
-15.5 0.5
-14.5 0.5
-14.5 1.5
0 0 0
-13.5 0.5
-13.5 1.5
-12.5 1.5
0 0 0
-13.5 0.5
-12.5 0.5
-12.5 1.5
0 0 0
-8.5 0.5
-8.5 1.5
-7.5 1.5
0 0 0
-8.5 0.5
-7.5 0.5
-7.5 1.5
0 0 0
-1.5 0.5
-1.5 1.5
-0.5 1.5
0 0 0
-1.5 0.5
-0.5 0.5
-0.5 1.5
0 0 0
4.5 0.5
4.5 1.5
5.5 1.5
0 0 0
4.5 0.5
5.5 0.5
5.5 1.5
0 0 0
6.5 0.5
6.5 1.5
7.5 1.5
0 0 0
6.5 0.5
7.5 0.5
7.5 1.5
0 0 0
10.5 0.5
10.5 1.5
11.5 1.5
0 0 0
10.5 0.5
11.5 0.5
11.5 1.5
0 0 0
13.5 0.5
13.5 1.5
14.5 1.5
0 0 0
13.5 0.5
14.5 0.5
14.5 1.5
0 0 0
17.5 0.5
17.5 1.5
18.5 1.5
0 0 0
17.5 0.5
18.5 0.5
18.5 1.5
0 0 0
-18.5 -0.5
-18.5 0.5
-17.5 0.5
0 0 0
-18.5 -0.5
-17.5 -0.5
-17.5 0.5
0 0 0
-17.5 -0.5
-17.5 0.5
-16.5 0.5
0 0 0
-17.5 -0.5
-16.5 -0.5
-16.5 0.5
0 0 0
-16.5 -0.5
-16.5 0.5
-15.5 0.5
0 0 0
-16.5 -0.5
-15.5 -0.5
-15.5 0.5
0 0 0
-13.5 -0.5
-13.5 0.5
-12.5 0.5
0 0 0
-13.5 -0.5
-12.5 -0.5
-12.5 0.5
0 0 0
-12.5 -0.5
-12.5 0.5
-11.5 0.5
0 0 0
-12.5 -0.5
-11.5 -0.5
-11.5 0.5
0 0 0
-11.5 -0.5
-11.5 0.5
-10.5 0.5
0 0 0
-11.5 -0.5
-10.5 -0.5
-10.5 0.5
0 0 0
-7.5 -0.5
-7.5 0.5
-6.5 0.5
0 0 0
-7.5 -0.5
-6.5 -0.5
-6.5 0.5
0 0 0
-6.5 -0.5
-6.5 0.5
-5.5 0.5
0 0 0
-6.5 -0.5
-5.5 -0.5
-5.5 0.5
0 0 0
-1.5 -0.5
-1.5 0.5
-0.5 0.5
0 0 0
-1.5 -0.5
-0.5 -0.5
-0.5 0.5
0 0 0
3.5 -0.5
3.5 0.5
4.5 0.5
0 0 0
3.5 -0.5
4.5 -0.5
4.5 0.5
0 0 0
4.5 -0.5
4.5 0.5
5.5 0.5
0 0 0
4.5 -0.5
5.5 -0.5
5.5 0.5
0 0 0
5.5 -0.5
5.5 0.5
6.5 0.5
0 0 0
5.5 -0.5
6.5 -0.5
6.5 0.5
0 0 0
6.5 -0.5
6.5 0.5
7.5 0.5
0 0 0
6.5 -0.5
7.5 -0.5
7.5 0.5
0 0 0
7.5 -0.5
7.5 0.5
8.5 0.5
0 0 0
7.5 -0.5
8.5 -0.5
8.5 0.5
0 0 0
10.5 -0.5
10.5 0.5
11.5 0.5
0 0 0
10.5 -0.5
11.5 -0.5
11.5 0.5
0 0 0
11.5 -0.5
11.5 0.5
12.5 0.5
0 0 0
11.5 -0.5
12.5 -0.5
12.5 0.5
0 0 0
12.5 -0.5
12.5 0.5
13.5 0.5
0 0 0
12.5 -0.5
13.5 -0.5
13.5 0.5
0 0 0
17.5 -0.5
17.5 0.5
18.5 0.5
0 0 0
17.5 -0.5
18.5 -0.5
18.5 0.5
0 0 0
-18.5 -1.5
-18.5 -0.5
-17.5 -0.5
0 0 0
-18.5 -1.5
-17.5 -1.5
-17.5 -0.5
0 0 0
-15.5 -1.5
-15.5 -0.5
-14.5 -0.5
0 0 0
-15.5 -1.5
-14.5 -1.5
-14.5 -0.5
0 0 0
-13.5 -1.5
-13.5 -0.5
-12.5 -0.5
0 0 0
-13.5 -1.5
-12.5 -1.5
-12.5 -0.5
0 0 0
-5.5 -1.5
-5.5 -0.5
-4.5 -0.5
0 0 0
-5.5 -1.5
-4.5 -1.5
-4.5 -0.5
0 0 0
-1.5 -1.5
-1.5 -0.5
-0.5 -0.5
0 0 0
-1.5 -1.5
-0.5 -1.5
-0.5 -0.5
0 0 0
3.5 -1.5
3.5 -0.5
4.5 -0.5
0 0 0
3.5 -1.5
4.5 -1.5
4.5 -0.5
0 0 0
7.5 -1.5
7.5 -0.5
8.5 -0.5
0 0 0
7.5 -1.5
8.5 -1.5
8.5 -0.5
0 0 0
10.5 -1.5
10.5 -0.5
11.5 -0.5
0 0 0
10.5 -1.5
11.5 -1.5
11.5 -0.5
0 0 0
13.5 -1.5
13.5 -0.5
14.5 -0.5
0 0 0
13.5 -1.5
14.5 -1.5
14.5 -0.5
0 0 0
17.5 -1.5
17.5 -0.5
18.5 -0.5
0 0 0
17.5 -1.5
18.5 -1.5
18.5 -0.5
0 0 0
-18.5 -2.5
-18.5 -1.5
-17.5 -1.5
0 0 0
-18.5 -2.5
-17.5 -2.5
-17.5 -1.5
0 0 0
-15.5 -2.5
-15.5 -1.5
-14.5 -1.5
0 0 0
-15.5 -2.5
-14.5 -2.5
-14.5 -1.5
0 0 0
-13.5 -2.5
-13.5 -1.5
-12.5 -1.5
0 0 0
-13.5 -2.5
-12.5 -2.5
-12.5 -1.5
0 0 0
-12.5 -2.5
-12.5 -1.5
-11.5 -1.5
0 0 0
-12.5 -2.5
-11.5 -2.5
-11.5 -1.5
0 0 0
-11.5 -2.5
-11.5 -1.5
-10.5 -1.5
0 0 0
-11.5 -2.5
-10.5 -2.5
-10.5 -1.5
0 0 0
-10.5 -2.5
-10.5 -1.5
-9.5 -1.5
0 0 0
-10.5 -2.5
-9.5 -2.5
-9.5 -1.5
0 0 0
-8.5 -2.5
-8.5 -1.5
-7.5 -1.5
0 0 0
-8.5 -2.5
-7.5 -2.5
-7.5 -1.5
0 0 0
-7.5 -2.5
-7.5 -1.5
-6.5 -1.5
0 0 0
-7.5 -2.5
-6.5 -2.5
-6.5 -1.5
0 0 0
-6.5 -2.5
-6.5 -1.5
-5.5 -1.5
0 0 0
-6.5 -2.5
-5.5 -2.5
-5.5 -1.5
0 0 0
-1.5 -2.5
-1.5 -1.5
-0.5 -1.5
0 0 0
-1.5 -2.5
-0.5 -2.5
-0.5 -1.5
0 0 0
2.5 -2.5
2.5 -1.5
3.5 -1.5
0 0 0
2.5 -2.5
3.5 -2.5
3.5 -1.5
0 0 0
8.5 -2.5
8.5 -1.5
9.5 -1.5
0 0 0
8.5 -2.5
9.5 -2.5
9.5 -1.5
0 0 0
10.5 -2.5
10.5 -1.5
11.5 -1.5
0 0 0
10.5 -2.5
11.5 -2.5
11.5 -1.5
0 0 0
13.5 -2.5
13.5 -1.5
14.5 -1.5
0 0 0
13.5 -2.5
14.5 -2.5
14.5 -1.5
0 0 0
17.5 -2.5
17.5 -1.5
18.5 -1.5
0 0 0
17.5 -2.5
18.5 -2.5
18.5 -1.5
216 0.1
0.5 1 0
-28 -5.5
-28 5.5
28 5.5
0.5 1 0
-28 -5.5
28 -5.5
28 5.5
0 0 0
-25 1.5
-25 2.5
-24 2.5
0 0 0
-25 1.5
-24 1.5
-24 2.5
0 0 0
-24 1.5
-24 2.5
-23 2.5
0 0 0
-24 1.5
-23 1.5
-23 2.5
0 0 0
-23 1.5
-23 2.5
-22 2.5
0 0 0
-23 1.5
-22 1.5
-22 2.5
0 0 0
-22 1.5
-22 2.5
-21 2.5
0 0 0
-22 1.5
-21 1.5
-21 2.5
0 0 0
-20 1.5
-20 2.5
-19 2.5
0 0 0
-20 1.5
-19 1.5
-19 2.5
0 0 0
-17 1.5
-17 2.5
-16 2.5
0 0 0
-17 1.5
-16 1.5
-16 2.5
0 0 0
-15 1.5
-15 2.5
-14 2.5
0 0 0
-15 1.5
-14 1.5
-14 2.5
0 0 0
-9 1.5
-9 2.5
-8 2.5
0 0 0
-9 1.5
-8 1.5
-8 2.5
0 0 0
-3 1.5
-3 2.5
-2 2.5
0 0 0
-3 1.5
-2 1.5
-2 2.5
0 0 0
-2 1.5
-2 2.5
-1 2.5
0 0 0
-2 1.5
-1 1.5
-1 2.5
0 0 0
-1 1.5
-1 2.5
0 2.5
0 0 0
-1 1.5
0 1.5
0 2.5
0 0 0
2 1.5
2 2.5
3 2.5
0 0 0
2 1.5
3 1.5
3 2.5
0 0 0
3 1.5
3 2.5
4 2.5
0 0 0
3 1.5
4 1.5
4 2.5
0 0 0
4 1.5
4 2.5
5 2.5
0 0 0
4 1.5
5 1.5
5 2.5
0 0 0
6 1.5
6 2.5
7 2.5
0 0 0
6 1.5
7 1.5
7 2.5
0 0 0
7 1.5
7 2.5
8 2.5
0 0 0
7 1.5
8 1.5
8 2.5
0 0 0
8 1.5
8 2.5
9 2.5
0 0 0
8 1.5
9 1.5
9 2.5
0 0 0
11 1.5
11 2.5
12 2.5
0 0 0
11 1.5
12 1.5
12 2.5
0 0 0
12 1.5
12 2.5
13 2.5
0 0 0
12 1.5
13 1.5
13 2.5
0 0 0
13 1.5
13 2.5
14 2.5
0 0 0
13 1.5
14 1.5
14 2.5
0 0 0
14 1.5
14 2.5
15 2.5
0 0 0
14 1.5
15 1.5
15 2.5
0 0 0
16 1.5
16 2.5
17 2.5
0 0 0
16 1.5
17 1.5
17 2.5
0 0 0
17 1.5
17 2.5
18 2.5
0 0 0
17 1.5
18 1.5
18 2.5
0 0 0
18 1.5
18 2.5
19 2.5
0 0 0
18 1.5
19 1.5
19 2.5
0 0 0
19 1.5
19 2.5
20 2.5
0 0 0
19 1.5
20 1.5
20 2.5
0 0 0
21 1.5
21 2.5
22 2.5
0 0 0
21 1.5
22 1.5
22 2.5
0 0 0
22 1.5
22 2.5
23 2.5
0 0 0
22 1.5
23 1.5
23 2.5
0 0 0
24 1.5
24 2.5
25 2.5
0 0 0
24 1.5
25 1.5
25 2.5
0 0 0
-25 0.5
-25 1.5
-24 1.5
0 0 0
-25 0.5
-24 0.5
-24 1.5
0 0 0
-20 0.5
-20 1.5
-19 1.5
0 0 0
-20 0.5
-19 0.5
-19 1.5
0 0 0
-17 0.5
-17 1.5
-16 1.5
0 0 0
-17 0.5
-16 0.5
-16 1.5
0 0 0
-15 0.5
-15 1.5
-14 1.5
0 0 0
-15 0.5
-14 0.5
-14 1.5
0 0 0
-9 0.5
-9 1.5
-8 1.5
0 0 0
-9 0.5
-8 0.5
-8 1.5
0 0 0
-4 0.5
-4 1.5
-3 1.5
0 0 0
-4 0.5
-3 0.5
-3 1.5
0 0 0
1 0.5
1 1.5
2 1.5
0 0 0
1 0.5
2 0.5
2 1.5
0 0 0
6 0.5
6 1.5
7 1.5
0 0 0
6 0.5
7 0.5
7 1.5
0 0 0
9 0.5
9 1.5
10 1.5
0 0 0
9 0.5
10 0.5
10 1.5
0 0 0
11 0.5
11 1.5
12 1.5
0 0 0
11 0.5
12 0.5
12 1.5
0 0 0
16 0.5
16 1.5
17 1.5
0 0 0
16 0.5
17 0.5
17 1.5
0 0 0
21 0.5
21 1.5
22 1.5
0 0 0
21 0.5
22 0.5
22 1.5
0 0 0
22 0.5
22 1.5
23 1.5
0 0 0
22 0.5
23 0.5
23 1.5
0 0 0
24 0.5
24 1.5
25 1.5
0 0 0
24 0.5
25 0.5
25 1.5
0 0 0
-25 -0.5
-25 0.5
-24 0.5
0 0 0
-25 -0.5
-24 -0.5
-24 0.5
0 0 0
-24 -0.5
-24 0.5
-23 0.5
0 0 0
-24 -0.5
-23 -0.5
-23 0.5
0 0 0
-23 -0.5
-23 0.5
-22 0.5
0 0 0
-23 -0.5
-22 -0.5
-22 0.5
0 0 0
-20 -0.5
-20 0.5
-19 0.5
0 0 0
-20 -0.5
-19 -0.5
-19 0.5
0 0 0
-17 -0.5
-17 0.5
-16 0.5
0 0 0
-17 -0.5
-16 -0.5
-16 0.5
0 0 0
-15 -0.5
-15 0.5
-14 0.5
0 0 0
-15 -0.5
-14 -0.5
-14 0.5
0 0 0
-9 -0.5
-9 0.5
-8 0.5
0 0 0
-9 -0.5
-8 -0.5
-8 0.5
0 0 0
-3 -0.5
-3 0.5
-2 0.5
0 0 0
-3 -0.5
-2 -0.5
-2 0.5
0 0 0
-2 -0.5
-2 0.5
-1 0.5
0 0 0
-2 -0.5
-1 -0.5
-1 0.5
0 0 0
1 -0.5
1 0.5
2 0.5
0 0 0
1 -0.5
2 -0.5
2 0.5
0 0 0
6 -0.5
6 0.5
7 0.5
0 0 0
6 -0.5
7 -0.5
7 0.5
0 0 0
7 -0.5
7 0.5
8 0.5
0 0 0
7 -0.5
8 -0.5
8 0.5
0 0 0
8 -0.5
8 0.5
9 0.5
0 0 0
8 -0.5
9 -0.5
9 0.5
0 0 0
11 -0.5
11 0.5
12 0.5
0 0 0
11 -0.5
12 -0.5
12 0.5
0 0 0
12 -0.5
12 0.5
13 0.5
0 0 0
12 -0.5
13 -0.5
13 0.5
0 0 0
13 -0.5
13 0.5
14 0.5
0 0 0
13 -0.5
14 -0.5
14 0.5
0 0 0
16 -0.5
16 0.5
17 0.5
0 0 0
16 -0.5
17 -0.5
17 0.5
0 0 0
17 -0.5
17 0.5
18 0.5
0 0 0
17 -0.5
18 -0.5
18 0.5
0 0 0
18 -0.5
18 0.5
19 0.5
0 0 0
18 -0.5
19 -0.5
19 0.5
0 0 0
21 -0.5
21 0.5
22 0.5
0 0 0
21 -0.5
22 -0.5
22 0.5
0 0 0
23 -0.5
23 0.5
24 0.5
0 0 0
23 -0.5
24 -0.5
24 0.5
0 0 0
24 -0.5
24 0.5
25 0.5
0 0 0
24 -0.5
25 -0.5
25 0.5
0 0 0
-25 -1.5
-25 -0.5
-24 -0.5
0 0 0
-25 -1.5
-24 -1.5
-24 -0.5
0 0 0
-20 -1.5
-20 -0.5
-19 -0.5
0 0 0
-20 -1.5
-19 -1.5
-19 -0.5
0 0 0
-17 -1.5
-17 -0.5
-16 -0.5
0 0 0
-17 -1.5
-16 -1.5
-16 -0.5
0 0 0
-15 -1.5
-15 -0.5
-14 -0.5
0 0 0
-15 -1.5
-14 -1.5
-14 -0.5
0 0 0
-9 -1.5
-9 -0.5
-8 -0.5
0 0 0
-9 -1.5
-8 -1.5
-8 -0.5
0 0 0
-1 -1.5
-1 -0.5
0 -0.5
0 0 0
-1 -1.5
0 -1.5
0 -0.5
0 0 0
1 -1.5
1 -0.5
2 -0.5
0 0 0
1 -1.5
2 -1.5
2 -0.5
0 0 0
6 -1.5
6 -0.5
7 -0.5
0 0 0
6 -1.5
7 -1.5
7 -0.5
0 0 0
9 -1.5
9 -0.5
10 -0.5
0 0 0
9 -1.5
10 -1.5
10 -0.5
0 0 0
11 -1.5
11 -0.5
12 -0.5
0 0 0
11 -1.5
12 -1.5
12 -0.5
0 0 0
16 -1.5
16 -0.5
17 -0.5
0 0 0
16 -1.5
17 -1.5
17 -0.5
0 0 0
21 -1.5
21 -0.5
22 -0.5
0 0 0
21 -1.5
22 -1.5
22 -0.5
0 0 0
23 -1.5
23 -0.5
24 -0.5
0 0 0
23 -1.5
24 -1.5
24 -0.5
0 0 0
24 -1.5
24 -0.5
25 -0.5
0 0 0
24 -1.5
25 -1.5
25 -0.5
0 0 0
-25 -2.5
-25 -1.5
-24 -1.5
0 0 0
-25 -2.5
-24 -2.5
-24 -1.5
0 0 0
-19 -2.5
-19 -1.5
-18 -1.5
0 0 0
-19 -2.5
-18 -2.5
-18 -1.5
0 0 0
-18 -2.5
-18 -1.5
-17 -1.5
0 0 0
-18 -2.5
-17 -2.5
-17 -1.5
0 0 0
-15 -2.5
-15 -1.5
-14 -1.5
0 0 0
-15 -2.5
-14 -2.5
-14 -1.5
0 0 0
-14 -2.5
-14 -1.5
-13 -1.5
0 0 0
-14 -2.5
-13 -2.5
-13 -1.5
0 0 0
-13 -2.5
-13 -1.5
-12 -1.5
0 0 0
-13 -2.5
-12 -2.5
-12 -1.5
0 0 0
-12 -2.5
-12 -1.5
-11 -1.5
0 0 0
-12 -2.5
-11 -2.5
-11 -1.5
0 0 0
-9 -2.5
-9 -1.5
-8 -1.5
0 0 0
-9 -2.5
-8 -2.5
-8 -1.5
0 0 0
-8 -2.5
-8 -1.5
-7 -1.5
0 0 0
-8 -2.5
-7 -2.5
-7 -1.5
0 0 0
-7 -2.5
-7 -1.5
-6 -1.5
0 0 0
-7 -2.5
-6 -2.5
-6 -1.5
0 0 0
-6 -2.5
-6 -1.5
-5 -1.5
0 0 0
-6 -2.5
-5 -2.5
-5 -1.5
0 0 0
-4 -2.5
-4 -1.5
-3 -1.5
0 0 0
-4 -2.5
-3 -2.5
-3 -1.5
0 0 0
-3 -2.5
-3 -1.5
-2 -1.5
0 0 0
-3 -2.5
-2 -2.5
-2 -1.5
0 0 0
-2 -2.5
-2 -1.5
-1 -1.5
0 0 0
-2 -2.5
-1 -2.5
-1 -1.5
0 0 0
2 -2.5
2 -1.5
3 -1.5
0 0 0
2 -2.5
3 -2.5
3 -1.5
0 0 0
3 -2.5
3 -1.5
4 -1.5
0 0 0
3 -2.5
4 -2.5
4 -1.5
0 0 0
4 -2.5
4 -1.5
5 -1.5
0 0 0
4 -2.5
5 -2.5
5 -1.5
0 0 0
6 -2.5
6 -1.5
7 -1.5
0 0 0
6 -2.5
7 -2.5
7 -1.5
0 0 0
9 -2.5
9 -1.5
10 -1.5
0 0 0
9 -2.5
10 -2.5
10 -1.5
0 0 0
11 -2.5
11 -1.5
12 -1.5
0 0 0
11 -2.5
12 -2.5
12 -1.5
0 0 0
12 -2.5
12 -1.5
13 -1.5
0 0 0
12 -2.5
13 -2.5
13 -1.5
0 0 0
13 -2.5
13 -1.5
14 -1.5
0 0 0
13 -2.5
14 -2.5
14 -1.5
0 0 0
14 -2.5
14 -1.5
15 -1.5
0 0 0
14 -2.5
15 -2.5
15 -1.5
0 0 0
16 -2.5
16 -1.5
17 -1.5
0 0 0
16 -2.5
17 -2.5
17 -1.5
0 0 0
17 -2.5
17 -1.5
18 -1.5
0 0 0
17 -2.5
18 -2.5
18 -1.5
0 0 0
18 -2.5
18 -1.5
19 -1.5
0 0 0
18 -2.5
19 -2.5
19 -1.5
0 0 0
19 -2.5
19 -1.5
20 -1.5
0 0 0
19 -2.5
20 -2.5
20 -1.5
0 0 0
21 -2.5
21 -1.5
22 -1.5
0 0 0
21 -2.5
22 -2.5
22 -1.5
0 0 0
24 -2.5
24 -1.5
25 -1.5
0 0 0
24 -2.5
25 -2.5
25 -1.5
74 0.1
0.5 1 0
-11 -5.5
-11 5.5
11 5.5
0.5 1 0
-11 -5.5
11 -5.5
11 5.5
0 0 0
-8 1.5
-8 2.5
-7 2.5
0 0 0
-8 1.5
-7 1.5
-7 2.5
0 0 0
-7 1.5
-7 2.5
-6 2.5
0 0 0
-7 1.5
-6 1.5
-6 2.5
0 0 0
-3 1.5
-3 2.5
-2 2.5
0 0 0
-3 1.5
-2 1.5
-2 2.5
0 0 0
0 1.5
0 2.5
1 2.5
0 0 0
0 1.5
1 1.5
1 2.5
0 0 0
2 1.5
2 2.5
3 2.5
0 0 0
2 1.5
3 1.5
3 2.5
0 0 0
4 1.5
4 2.5
5 2.5
0 0 0
4 1.5
5 1.5
5 2.5
0 0 0
5 1.5
5 2.5
6 2.5
0 0 0
5 1.5
6 1.5
6 2.5
0 0 0
6 1.5
6 2.5
7 2.5
0 0 0
6 1.5
7 1.5
7 2.5
0 0 0
7 1.5
7 2.5
8 2.5
0 0 0
7 1.5
8 1.5
8 2.5
0 0 0
8 1.5
8 2.5
9 2.5
0 0 0
8 1.5
9 1.5
9 2.5
0 0 0
-9 0.5
-9 1.5
-8 1.5
0 0 0
-9 0.5
-8 0.5
-8 1.5
0 0 0
-6 0.5
-6 1.5
-5 1.5
0 0 0
-6 0.5
-5 0.5
-5 1.5
0 0 0
-3 0.5
-3 1.5
-2 1.5
0 0 0
-3 0.5
-2 0.5
-2 1.5
0 0 0
0 0.5
0 1.5
1 1.5
0 0 0
0 0.5
1 0.5
1 1.5
0 0 0
2 0.5
2 1.5
3 1.5
0 0 0
2 0.5
3 0.5
3 1.5
0 0 0
6 0.5
6 1.5
7 1.5
0 0 0
6 0.5
7 0.5
7 1.5
0 0 0
-9 -0.5
-9 0.5
-8 0.5
0 0 0
-9 -0.5
-8 -0.5
-8 0.5
0 0 0
-6 -0.5
-6 0.5
-5 0.5
0 0 0
-6 -0.5
-5 -0.5
-5 0.5
0 0 0
-3 -0.5
-3 0.5
-2 0.5
0 0 0
-3 -0.5
-2 -0.5
-2 0.5
0 0 0
0 -0.5
0 0.5
1 0.5
0 0 0
0 -0.5
1 -0.5
1 0.5
0 0 0
2 -0.5
2 0.5
3 0.5
0 0 0
2 -0.5
3 -0.5
3 0.5
0 0 0
6 -0.5
6 0.5
7 0.5
0 0 0
6 -0.5
7 -0.5
7 0.5
0 0 0
-9 -1.5
-9 -0.5
-8 -0.5
0 0 0
-9 -1.5
-8 -1.5
-8 -0.5
0 0 0
-7 -1.5
-7 -0.5
-6 -0.5
0 0 0
-7 -1.5
-6 -1.5
-6 -0.5
0 0 0
-6 -1.5
-6 -0.5
-5 -0.5
0 0 0
-6 -1.5
-5 -1.5
-5 -0.5
0 0 0
-3 -1.5
-3 -0.5
-2 -0.5
0 0 0
-3 -1.5
-2 -1.5
-2 -0.5
0 0 0
0 -1.5
0 -0.5
1 -0.5
0 0 0
0 -1.5
1 -1.5
1 -0.5
0 0 0
2 -1.5
2 -0.5
3 -0.5
0 0 0
2 -1.5
3 -1.5
3 -0.5
0 0 0
6 -1.5
6 -0.5
7 -0.5
0 0 0
6 -1.5
7 -1.5
7 -0.5
0 0 0
-8 -2.5
-8 -1.5
-7 -1.5
0 0 0
-8 -2.5
-7 -2.5
-7 -1.5
0 0 0
-7 -2.5
-7 -1.5
-6 -1.5
0 0 0
-7 -2.5
-6 -2.5
-6 -1.5
0 0 0
-6 -2.5
-6 -1.5
-5 -1.5
0 0 0
-6 -2.5
-5 -2.5
-5 -1.5
0 0 0
-2 -2.5
-2 -1.5
-1 -1.5
0 0 0
-2 -2.5
-1 -2.5
-1 -1.5
0 0 0
-1 -2.5
-1 -1.5
0 -1.5
0 0 0
-1 -2.5
0 -2.5
0 -1.5
0 0 0
2 -2.5
2 -1.5
3 -1.5
0 0 0
2 -2.5
3 -2.5
3 -1.5
0 0 0
6 -2.5
6 -1.5
7 -1.5
0 0 0
6 -2.5
7 -2.5
7 -1.5
92 0.1
0.5 1 0
-14.5 -5.5
-14.5 5.5
14.5 5.5
0.5 1 0
-14.5 -5.5
14.5 -5.5
14.5 5.5
0 0 0
-11.5 1.5
-11.5 2.5
-10.5 2.5
0 0 0
-11.5 1.5
-10.5 1.5
-10.5 2.5
0 0 0
-7.5 1.5
-7.5 2.5
-6.5 2.5
0 0 0
-7.5 1.5
-6.5 1.5
-6.5 2.5
0 0 0
-5.5 1.5
-5.5 2.5
-4.5 2.5
0 0 0
-5.5 1.5
-4.5 1.5
-4.5 2.5
0 0 0
-2.5 1.5
-2.5 2.5
-1.5 2.5
0 0 0
-2.5 1.5
-1.5 1.5
-1.5 2.5
0 0 0
-0.5 1.5
-0.5 2.5
0.5 2.5
0 0 0
-0.5 1.5
0.5 1.5
0.5 2.5
0 0 0
4.5 1.5
4.5 2.5
5.5 2.5
0 0 0
4.5 1.5
5.5 1.5
5.5 2.5
0 0 0
5.5 1.5
5.5 2.5
6.5 2.5
0 0 0
5.5 1.5
6.5 1.5
6.5 2.5
0 0 0
6.5 1.5
6.5 2.5
7.5 2.5
0 0 0
6.5 1.5
7.5 1.5
7.5 2.5
0 0 0
7.5 1.5
7.5 2.5
8.5 2.5
0 0 0
7.5 1.5
8.5 1.5
8.5 2.5
0 0 0
8.5 1.5
8.5 2.5
9.5 2.5
0 0 0
8.5 1.5
9.5 1.5
9.5 2.5
0 0 0
10.5 1.5
10.5 2.5
11.5 2.5
0 0 0
10.5 1.5
11.5 1.5
11.5 2.5
0 0 0
-11.5 0.5
-11.5 1.5
-10.5 1.5
0 0 0
-11.5 0.5
-10.5 0.5
-10.5 1.5
0 0 0
-10.5 0.5
-10.5 1.5
-9.5 1.5
0 0 0
-10.5 0.5
-9.5 0.5
-9.5 1.5
0 0 0
-8.5 0.5
-8.5 1.5
-7.5 1.5
0 0 0
-8.5 0.5
-7.5 0.5
-7.5 1.5
0 0 0
-7.5 0.5
-7.5 1.5
-6.5 1.5
0 0 0
-7.5 0.5
-6.5 0.5
-6.5 1.5
0 0 0
-5.5 0.5
-5.5 1.5
-4.5 1.5
0 0 0
-5.5 0.5
-4.5 0.5
-4.5 1.5
0 0 0
-2.5 0.5
-2.5 1.5
-1.5 1.5
0 0 0
-2.5 0.5
-1.5 0.5
-1.5 1.5
0 0 0
-0.5 0.5
-0.5 1.5
0.5 1.5
0 0 0
-0.5 0.5
0.5 0.5
0.5 1.5
0 0 0
6.5 0.5
6.5 1.5
7.5 1.5
0 0 0
6.5 0.5
7.5 0.5
7.5 1.5
0 0 0
10.5 0.5
10.5 1.5
11.5 1.5
0 0 0
10.5 0.5
11.5 0.5
11.5 1.5
0 0 0
-11.5 -0.5
-11.5 0.5
-10.5 0.5
0 0 0
-11.5 -0.5
-10.5 -0.5
-10.5 0.5
0 0 0
-9.5 -0.5
-9.5 0.5
-8.5 0.5
0 0 0
-9.5 -0.5
-8.5 -0.5
-8.5 0.5
0 0 0
-7.5 -0.5
-7.5 0.5
-6.5 0.5
0 0 0
-7.5 -0.5
-6.5 -0.5
-6.5 0.5
0 0 0
-5.5 -0.5
-5.5 0.5
-4.5 0.5
0 0 0
-5.5 -0.5
-4.5 -0.5
-4.5 0.5
0 0 0
-2.5 -0.5
-2.5 0.5
-1.5 0.5
0 0 0
-2.5 -0.5
-1.5 -0.5
-1.5 0.5
0 0 0
-0.5 -0.5
-0.5 0.5
0.5 0.5
0 0 0
-0.5 -0.5
0.5 -0.5
0.5 0.5
0 0 0
6.5 -0.5
6.5 0.5
7.5 0.5
0 0 0
6.5 -0.5
7.5 -0.5
7.5 0.5
0 0 0
10.5 -0.5
10.5 0.5
11.5 0.5
0 0 0
10.5 -0.5
11.5 -0.5
11.5 0.5
0 0 0
-11.5 -1.5
-11.5 -0.5
-10.5 -0.5
0 0 0
-11.5 -1.5
-10.5 -1.5
-10.5 -0.5
0 0 0
-7.5 -1.5
-7.5 -0.5
-6.5 -0.5
0 0 0
-7.5 -1.5
-6.5 -1.5
-6.5 -0.5
0 0 0
-5.5 -1.5
-5.5 -0.5
-4.5 -0.5
0 0 0
-5.5 -1.5
-4.5 -1.5
-4.5 -0.5
0 0 0
-2.5 -1.5
-2.5 -0.5
-1.5 -0.5
0 0 0
-2.5 -1.5
-1.5 -1.5
-1.5 -0.5
0 0 0
-0.5 -1.5
-0.5 -0.5
0.5 -0.5
0 0 0
-0.5 -1.5
0.5 -1.5
0.5 -0.5
0 0 0
6.5 -1.5
6.5 -0.5
7.5 -0.5
0 0 0
6.5 -1.5
7.5 -1.5
7.5 -0.5
0 0 0
10.5 -1.5
10.5 -0.5
11.5 -0.5
0 0 0
10.5 -1.5
11.5 -1.5
11.5 -0.5
0 0 0
-11.5 -2.5
-11.5 -1.5
-10.5 -1.5
0 0 0
-11.5 -2.5
-10.5 -2.5
-10.5 -1.5
0 0 0
-7.5 -2.5
-7.5 -1.5
-6.5 -1.5
0 0 0
-7.5 -2.5
-6.5 -2.5
-6.5 -1.5
0 0 0
-4.5 -2.5
-4.5 -1.5
-3.5 -1.5
0 0 0
-4.5 -2.5
-3.5 -2.5
-3.5 -1.5
0 0 0
-3.5 -2.5
-3.5 -1.5
-2.5 -1.5
0 0 0
-3.5 -2.5
-2.5 -2.5
-2.5 -1.5
0 0 0
-0.5 -2.5
-0.5 -1.5
0.5 -1.5
0 0 0
-0.5 -2.5
0.5 -2.5
0.5 -1.5
0 0 0
0.5 -2.5
0.5 -1.5
1.5 -1.5
0 0 0
0.5 -2.5
1.5 -2.5
1.5 -1.5
0 0 0
1.5 -2.5
1.5 -1.5
2.5 -1.5
0 0 0
1.5 -2.5
2.5 -2.5
2.5 -1.5
0 0 0
2.5 -2.5
2.5 -1.5
3.5 -1.5
0 0 0
2.5 -2.5
3.5 -2.5
3.5 -1.5
0 0 0
6.5 -2.5
6.5 -1.5
7.5 -1.5
0 0 0
6.5 -2.5
7.5 -2.5
7.5 -1.5
0 0 0
10.5 -2.5
10.5 -1.5
11.5 -1.5
0 0 0
10.5 -2.5
11.5 -2.5
11.5 -1.5
22 0.1
0.5 1 0
-5.5 -8
-5.5 0
5.5 0
0.5 1 0
-5.5 -8
5.5 -8
5.5 0
0 0 0
-1 -1
-1 0
0 0
0 0 0
-1 -1
0 -1
0 0
0 0 0
0 -1
0 0
1 0
0 0 0
0 -1
1 -1
1 0
0 0 0
-2 -2
-2 -1
-1 -1
0 0 0
-2 -2
-1 -2
-1 -1
0 0 0
1 -2
1 -1
2 -1
0 0 0
1 -2
2 -2
2 -1
0 0 0
-2 -3
-2 -2
-1 -2
0 0 0
-2 -3
-1 -3
-1 -2
0 0 0
1 -3
1 -2
2 -2
0 0 0
1 -3
2 -3
2 -2
0 0 0
-2 -4
-2 -3
-1 -3
0 0 0
-2 -4
-1 -4
-1 -3
0 0 0
1 -4
1 -3
2 -3
0 0 0
1 -4
2 -4
2 -3
0 0 0
-1 -5
-1 -4
0 -4
0 0 0
-1 -5
0 -5
0 -4
0 0 0
0 -5
0 -4
1 -4
0 0 0
0 -5
1 -5
1 -4
16 0.1
0.5 1 0
-5.5 -8
-5.5 0
5.5 0
0.5 1 0
-5.5 -8
5.5 -8
5.5 0
0 0 0
0.5 -1
0.5 0
1.5 0
0 0 0
0.5 -1
1.5 -1
1.5 0
0 0 0
-0.5 -2
-0.5 -1
0.5 -1
0 0 0
-0.5 -2
0.5 -2
0.5 -1
0 0 0
0.5 -2
0.5 -1
1.5 -1
0 0 0
0.5 -2
1.5 -2
1.5 -1
0 0 0
-1.5 -3
-1.5 -2
-0.5 -2
0 0 0
-1.5 -3
-0.5 -3
-0.5 -2
0 0 0
0.5 -3
0.5 -2
1.5 -2
0 0 0
0.5 -3
1.5 -3
1.5 -2
0 0 0
0.5 -4
0.5 -3
1.5 -3
0 0 0
0.5 -4
1.5 -4
1.5 -3
0 0 0
0.5 -5
0.5 -4
1.5 -4
0 0 0
0.5 -5
1.5 -5
1.5 -4
28 0.1
0.5 1 0
-5.5 -8
-5.5 0
5.5 0
0.5 1 0
-5.5 -8
5.5 -8
5.5 0
0 0 0
-1.5 -1
-1.5 0
-0.5 0
0 0 0
-1.5 -1
-0.5 -1
-0.5 0
0 0 0
-0.5 -1
-0.5 0
0.5 0
0 0 0
-0.5 -1
0.5 -1
0.5 0
0 0 0
0.5 -1
0.5 0
1.5 0
0 0 0
0.5 -1
1.5 -1
1.5 0
0 0 0
-2.5 -2
-2.5 -1
-1.5 -1
0 0 0
-2.5 -2
-1.5 -2
-1.5 -1
0 0 0
1.5 -2
1.5 -1
2.5 -1
0 0 0
1.5 -2
2.5 -2
2.5 -1
0 0 0
-0.5 -3
-0.5 -2
0.5 -2
0 0 0
-0.5 -3
0.5 -3
0.5 -2
0 0 0
0.5 -3
0.5 -2
1.5 -2
0 0 0
0.5 -3
1.5 -3
1.5 -2
0 0 0
-1.5 -4
-1.5 -3
-0.5 -3
0 0 0
-1.5 -4
-0.5 -4
-0.5 -3
0 0 0
-2.5 -5
-2.5 -4
-1.5 -4
0 0 0
-2.5 -5
-1.5 -5
-1.5 -4
0 0 0
-1.5 -5
-1.5 -4
-0.5 -4
0 0 0
-1.5 -5
-0.5 -5
-0.5 -4
0 0 0
-0.5 -5
-0.5 -4
0.5 -4
0 0 0
-0.5 -5
0.5 -5
0.5 -4
0 0 0
0.5 -5
0.5 -4
1.5 -4
0 0 0
0.5 -5
1.5 -5
1.5 -4
0 0 0
1.5 -5
1.5 -4
2.5 -4
0 0 0
1.5 -5
2.5 -5
2.5 -4
24 0.1
0.5 1 0
-5.5 -8
-5.5 0
5.5 0
0.5 1 0
-5.5 -8
5.5 -8
5.5 0
0 0 0
-1.5 -1
-1.5 0
-0.5 0
0 0 0
-1.5 -1
-0.5 -1
-0.5 0
0 0 0
-0.5 -1
-0.5 0
0.5 0
0 0 0
-0.5 -1
0.5 -1
0.5 0
0 0 0
0.5 -1
0.5 0
1.5 0
0 0 0
0.5 -1
1.5 -1
1.5 0
0 0 0
-2.5 -2
-2.5 -1
-1.5 -1
0 0 0
-2.5 -2
-1.5 -2
-1.5 -1
0 0 0
1.5 -2
1.5 -1
2.5 -1
0 0 0
1.5 -2
2.5 -2
2.5 -1
0 0 0
0.5 -3
0.5 -2
1.5 -2
0 0 0
0.5 -3
1.5 -3
1.5 -2
0 0 0
-2.5 -4
-2.5 -3
-1.5 -3
0 0 0
-2.5 -4
-1.5 -4
-1.5 -3
0 0 0
1.5 -4
1.5 -3
2.5 -3
0 0 0
1.5 -4
2.5 -4
2.5 -3
0 0 0
-1.5 -5
-1.5 -4
-0.5 -4
0 0 0
-1.5 -5
-0.5 -5
-0.5 -4
0 0 0
-0.5 -5
-0.5 -4
0.5 -4
0 0 0
-0.5 -5
0.5 -5
0.5 -4
0 0 0
0.5 -5
0.5 -4
1.5 -4
0 0 0
0.5 -5
1.5 -5
1.5 -4
24 0.1
0.5 1 0
-5.5 -8
-5.5 0
5.5 0
0.5 1 0
-5.5 -8
5.5 -8
5.5 0
0 0 0
-1.5 -1
-1.5 0
-0.5 0
0 0 0
-1.5 -1
-0.5 -1
-0.5 0
0 0 0
0.5 -1
0.5 0
1.5 0
0 0 0
0.5 -1
1.5 -1
1.5 0
0 0 0
-2.5 -2
-2.5 -1
-1.5 -1
0 0 0
-2.5 -2
-1.5 -2
-1.5 -1
0 0 0
0.5 -2
0.5 -1
1.5 -1
0 0 0
0.5 -2
1.5 -2
1.5 -1
0 0 0
-2.5 -3
-2.5 -2
-1.5 -2
0 0 0
-2.5 -3
-1.5 -3
-1.5 -2
0 0 0
-1.5 -3
-1.5 -2
-0.5 -2
0 0 0
-1.5 -3
-0.5 -3
-0.5 -2
0 0 0
-0.5 -3
-0.5 -2
0.5 -2
0 0 0
-0.5 -3
0.5 -3
0.5 -2
0 0 0
0.5 -3
0.5 -2
1.5 -2
0 0 0
0.5 -3
1.5 -3
1.5 -2
0 0 0
1.5 -3
1.5 -2
2.5 -2
0 0 0
1.5 -3
2.5 -3
2.5 -2
0 0 0
0.5 -4
0.5 -3
1.5 -3
0 0 0
0.5 -4
1.5 -4
1.5 -3
0 0 0
0.5 -5
0.5 -4
1.5 -4
0 0 0
0.5 -5
1.5 -5
1.5 -4
30 0.1
0.5 1 0
-5.5 -8
-5.5 0
5.5 0
0.5 1 0
-5.5 -8
5.5 -8
5.5 0
0 0 0
-2.5 -1
-2.5 0
-1.5 0
0 0 0
-2.5 -1
-1.5 -1
-1.5 0
0 0 0
-1.5 -1
-1.5 0
-0.5 0
0 0 0
-1.5 -1
-0.5 -1
-0.5 0
0 0 0
-0.5 -1
-0.5 0
0.5 0
0 0 0
-0.5 -1
0.5 -1
0.5 0
0 0 0
0.5 -1
0.5 0
1.5 0
0 0 0
0.5 -1
1.5 -1
1.5 0
0 0 0
1.5 -1
1.5 0
2.5 0
0 0 0
1.5 -1
2.5 -1
2.5 0
0 0 0
-2.5 -2
-2.5 -1
-1.5 -1
0 0 0
-2.5 -2
-1.5 -2
-1.5 -1
0 0 0
-1.5 -3
-1.5 -2
-0.5 -2
0 0 0
-1.5 -3
-0.5 -3
-0.5 -2
0 0 0
-0.5 -3
-0.5 -2
0.5 -2
0 0 0
-0.5 -3
0.5 -3
0.5 -2
0 0 0
0.5 -3
0.5 -2
1.5 -2
0 0 0
0.5 -3
1.5 -3
1.5 -2
0 0 0
1.5 -4
1.5 -3
2.5 -3
0 0 0
1.5 -4
2.5 -4
2.5 -3
0 0 0
-2.5 -5
-2.5 -4
-1.5 -4
0 0 0
-2.5 -5
-1.5 -5
-1.5 -4
0 0 0
-1.5 -5
-1.5 -4
-0.5 -4
0 0 0
-1.5 -5
-0.5 -5
-0.5 -4
0 0 0
-0.5 -5
-0.5 -4
0.5 -4
0 0 0
-0.5 -5
0.5 -5
0.5 -4
0 0 0
0.5 -5
0.5 -4
1.5 -4
0 0 0
0.5 -5
1.5 -5
1.5 -4
22 0.1
0.5 1 0
-5.5 -8
-5.5 0
5.5 0
0.5 1 0
-5.5 -8
5.5 -8
5.5 0
0 0 0
-1 -1
-1 0
0 0
0 0 0
-1 -1
0 -1
0 0
0 0 0
0 -1
0 0
1 0
0 0 0
0 -1
1 -1
1 0
0 0 0
-2 -2
-2 -1
-1 -1
0 0 0
-2 -2
-1 -2
-1 -1
0 0 0
-2 -3
-2 -2
-1 -2
0 0 0
-2 -3
-1 -3
-1 -2
0 0 0
-1 -3
-1 -2
0 -2
0 0 0
-1 -3
0 -3
0 -2
0 0 0
0 -3
0 -2
1 -2
0 0 0
0 -3
1 -3
1 -2
0 0 0
-2 -4
-2 -3
-1 -3
0 0 0
-2 -4
-1 -4
-1 -3
0 0 0
1 -4
1 -3
2 -3
0 0 0
1 -4
2 -4
2 -3
0 0 0
-1 -5
-1 -4
0 -4
0 0 0
-1 -5
0 -5
0 -4
0 0 0
0 -5
0 -4
1 -4
0 0 0
0 -5
1 -5
1 -4
18 0.1
0.5 1 0
-5.5 -8
-5.5 0
5.5 0
0.5 1 0
-5.5 -8
5.5 -8
5.5 0
0 0 0
-2 -1
-2 0
-1 0
0 0 0
-2 -1
-1 -1
-1 0
0 0 0
-1 -1
-1 0
0 0
0 0 0
-1 -1
0 -1
0 0
0 0 0
0 -1
0 0
1 0
0 0 0
0 -1
1 -1
1 0
0 0 0
1 -1
1 0
2 0
0 0 0
1 -1
2 -1
2 0
0 0 0
1 -2
1 -1
2 -1
0 0 0
1 -2
2 -2
2 -1
0 0 0
0 -3
0 -2
1 -2
0 0 0
0 -3
1 -3
1 -2
0 0 0
-1 -4
-1 -3
0 -3
0 0 0
-1 -4
0 -4
0 -3
0 0 0
-1 -5
-1 -4
0 -4
0 0 0
-1 -5
0 -5
0 -4
22 0.1
0.5 1 0
-5.5 -8
-5.5 0
5.5 0
0.5 1 0
-5.5 -8
5.5 -8
5.5 0
0 0 0
-1 -1
-1 0
0 0
0 0 0
-1 -1
0 -1
0 0
0 0 0
0 -1
0 0
1 0
0 0 0
0 -1
1 -1
1 0
0 0 0
-2 -2
-2 -1
-1 -1
0 0 0
-2 -2
-1 -2
-1 -1
0 0 0
1 -2
1 -1
2 -1
0 0 0
1 -2
2 -2
2 -1
0 0 0
-1 -3
-1 -2
0 -2
0 0 0
-1 -3
0 -3
0 -2
0 0 0
0 -3
0 -2
1 -2
0 0 0
0 -3
1 -3
1 -2
0 0 0
-2 -4
-2 -3
-1 -3
0 0 0
-2 -4
-1 -4
-1 -3
0 0 0
1 -4
1 -3
2 -3
0 0 0
1 -4
2 -4
2 -3
0 0 0
-1 -5
-1 -4
0 -4
0 0 0
-1 -5
0 -5
0 -4
0 0 0
0 -5
0 -4
1 -4
0 0 0
0 -5
1 -5
1 -4
22 0.1
0.5 1 0
-5.5 -8
-5.5 0
5.5 0
0.5 1 0
-5.5 -8
5.5 -8
5.5 0
0 0 0
-1 -1
-1 0
0 0
0 0 0
-1 -1
0 -1
0 0
0 0 0
0 -1
0 0
1 0
0 0 0
0 -1
1 -1
1 0
0 0 0
-2 -2
-2 -1
-1 -1
0 0 0
-2 -2
-1 -2
-1 -1
0 0 0
1 -2
1 -1
2 -1
0 0 0
1 -2
2 -2
2 -1
0 0 0
-1 -3
-1 -2
0 -2
0 0 0
-1 -3
0 -3
0 -2
0 0 0
0 -3
0 -2
1 -2
0 0 0
0 -3
1 -3
1 -2
0 0 0
1 -3
1 -2
2 -2
0 0 0
1 -3
2 -3
2 -2
0 0 0
1 -4
1 -3
2 -3
0 0 0
1 -4
2 -4
2 -3
0 0 0
-1 -5
-1 -4
0 -4
0 0 0
-1 -5
0 -5
0 -4
0 0 0
0 -5
0 -4
1 -4
0 0 0
0 -5
1 -5
1 -4
2 0.1
0 0 0
0 -5
0 -4
1 -4
0 0 0
0 -5
1 -5
1 -4